18 32 9 41
25 53 1 21
59 3 28 10
39 40 8 13
32 19 25 24
13 10 39 38
60 3 9 28
43 9 9 39
3 27 50 20
44 26 17 13
29 50 14 7
19 18 1 62
19 57 8 16
17 14 53 16
31 27 10 32
30 10 18 42
26 17 35 22
39 41 10 10
60 3 2 35
4 79 8 9
6 68 15 11
6 11 13 70
33 39 23 5
17 47 22 14
26 27 23 24
25 40 9 26
19 26 13 42
14 33 2 51
67 19 7 7
85 6 3 6
1 32 26 41
22 9 8 61
44 8 38 10
47 6 32 15
49 5 29 17
19 25 24 32
24 41 33 2
38 13 6 43
20 46 6 28
38 34 21 7
34 35 29 2
55 19 5 21
7 4 38 51
76 1 22 1
8 18 38 36
56 5 3 36
48 14 3 35
63 9 13 15
43 30 4 23
22 6 27 45
56 19 12 13
4 34 1 61
1 29 62 8
66 4 18 12
25 22 45 8
18 28 25 29
46 20 22 12
49 4 22 25
4 67 26 3
70 3 16 11
78 2 19 1
5 2 75 18
11 40 44 5
3 64 11 22
46 9 4 41
3 69 17 11
9 3 74 14
36 14 15 35
2 9 81 8
50 47 2 1
7 3 18 72
19 17 59 5
56 27 8 9
38 24 10 28
29 18 44 9
8 28 45 19
9 24 30 37
26 42 13 19
6 52 35 7
6 12 17 65
27 21 28 24
9 41 17 33
46 1 39 14
47 36 13 4
11 19 35 35
32 44 4 20
19 32 7 42
1 43 35 21
11 11 16 62
48 25 23 4
1 39 29 31
63 6 14 17
16 21 36 27
53 7 20 20
56 27 7 10
24 3 48 25
2 10 24 64
28 17 28 27
14 1 68 17
4 13 9 74
5 51 10 34
58 15 2 25
2 41 51 6
32 21 40 7
71 12 7 10
3 46 44 7
1 8 3 88
10 13 45 32
27 36 7 30
20 25 4 51
3 2 5 90
6 76 8 10
66 18 1 15
48 17 11 24
31 25 29 15
52 18 20 10
40 24 12 24
5 4 8 83
15 22 32 31
1 19 26 54
36 6 53 5
4 47 48 1
20 46 16 18
43 11 9 37
1 80 7 12
21 7 57 15
4 1 22 73
25 26 19 30
50 10 17 23
7 34 37 22
7 44 7 42
18 58 7 17
9 9 33 49
18 2 10 70
8 9 12 71
10 18 71 1
37 27 31 5
75 9 5 11
2 19 19 60
36 24 6 34
29 1 55 15
53 12 14 21
11 6 18 65
12 28 52 8
49 1 26 24
42 17 31 10
36 13 6 45
17 33 31 19
74 5 11 10
1 46 20 33
4 48 23 25
8 34 20 38
38 3 37 22
34 32 20 14
9 6 33 52
7 48 9 36
14 18 16 52
84 6 8 2
3 37 12 48
10 41 22 27
12 9 11 68
15 15 13 57
10 23 63 4
18 48 5 29
43 7 8 42
19 1 66 14
8 31 4 57
4 57 25 14
20 46 23 11
20 49 18 13
25 8 17 50
15 9 59 17
55 22 12 11
25 24 22 29
8 13 72 7
5 28 47 20
19 12 21 48
59 11 14 16
21 19 8 52
14 28 47 11
5 78 11 6
2 75 20 3
10 28 26 36
27 40 9 24
36 46 8 10
33 41 20 6
2 66 6 26
28 59 5 8
57 7 11 25
18 43 5 34
31 44 17 8
33 28 36 3
10 42 27 21
34 5 17 44
20 34 2 44
25 13 6 56
37 33 12 18
5 71 16 8
3 36 7 54
19 16 43 22
24 66 7 3
10 40 19 31
24 1 1 74
74 18 4 4
37 26 13 24
4 5 40 51
40 46 5 9
6 29 2 63
1 66 7 26
53 2 5 40
55 6 32 7
1 30 67 2
33 18 38 11
37 30 6 27
16 46 22 16
18 53 10 19
17 53 26 4
22 33 37 8
5 35 42 18
11 16 19 54
84 3 2 11
9 46 8 37
2 9 38 51
8 34 33 25
43 25 19 13
6 31 14 49
7 18 31 44
43 35 8 14
9 32 51 8
5 11 6 78
8 70 12 10
50 15 8 27
21 64 7 8
57 30 3 10
6 34 21 39
10 12 56 22
4 13 22 61
30 18 50 2
9 57 28 6
58 12 5 25
53 12 24 11
35 6 17 42
36 39 18 7
11 1 20 68
13 33 12 42
22 35 28 15
40 19 39 2
16 36 29 19
65 13 5 17
13 7 7 73
1 70 25 4
69 3 21 7
28 10 39 23
23 1 74 2
18 4 56 22
29 4 52 15
46 25 25 4
11 37 28 24
62 11 16 11
19 38 37 6
67 8 9 16
6 44 31 19
33 24 3 40
8 32 40 20
6 80 7 7
31 15 4 50
33 1 52 14
29 4 42 25
11 35 14 40
28 51 20 1
13 43 14 30
2 65 6 27
7 5 66 22
27 27 39 7
56 5 19 20
54 2 30 14
54 12 29 5
32 43 18 7
52 13 23 12
42 50 6 2
17 1 18 64
27 4 11 58
22 1 71 6
10 24 44 22
13 29 6 52
39 26 2 33
4 12 16 68
4 56 37 3
21 1 75 3
24 6 45 25
5 67 15 13
7 11 53 29
32 26 25 17
34 52 2 12
55 9 25 11
37 2 29 32
15 16 5 64
15 51 24 10
36 33 26 5
40 11 42 7
81 8 1 10
36 24 36 4
2 29 56 13
1 16 72 11
1 14 46 39
10 3 16 71
33 16 24 27
1 13 80 6
18 34 26 22
43 5 41 11
10 76 9 5
15 29 35 21
20 20 13 47
17 5 14 64
10 56 1 33
13 13 48 26
13 14 27 46
35 14 32 19
1 62 5 32
88 7 3 2
25 3 67 5
11 10 58 21
12 22 35 31
1 6 64 29
23 26 29 22
3 28 25 44
10 26 42 22
4 54 36 6
58 8 19 15
35 26 15 24
35 8 11 46
50 1 36 13
37 16 2 45
11 10 47 32
5 31 9 55
42 4 5 49
37 9 29 25
14 73 11 2
37 25 30 8
60 28 5 7
9 6 16 69
12 38 35 15
76 1 7 16
25 2 23 50
23 23 53 1
10 30 12 48
4 21 71 4
17 32 7 44
29 25 44 2
25 28 29 18
19 40 20 21
9 47 7 37
3 35 22 40
9 66 14 11
18 29 9 44
27 27 8 38
9 16 58 17
55 9 30 6
41 17 26 16
55 5 37 3
2 13 46 39
29 42 23 6
11 13 30 46
66 7 22 5
67 8 13 12
4 27 68 1
16 60 12 12
16 3 67 14
10 11 9 70
6 38 34 22
21 31 20 28
14 40 3 43
16 57 10 17
31 23 37 9
22 7 31 40
20 12 7 61
12 15 41 32
25 1 37 37
9 14 35 42
54 4 8 34
29 20 36 15
65 5 10 20
47 11 11 31
5 6 35 54
35 36 4 25
5 7 80 8
4 64 14 18
27 37 11 25
29 34 9 28
4 49 12 35
2 12 5 81
3 66 28 3
60 5 19 16
18 8 62 12
8 62 10 20
31 2 2 65
1 27 71 1
4 77 17 2
45 30 23 2
6 35 39 20
6 2 70 22
13 41 43 3
53 12 3 32
46 16 34 4
7 50 24 19
23 15 49 13
1 9 56 34
1 69 6 24
33 50 3 14
14 19 13 54
45 12 30 13
34 21 8 37
12 69 17 2
14 35 4 47
35 37 2 26
16 51 21 12
17 28 24 31
19 37 36 8
13 36 27 24
31 11 1 57
48 19 19 14
60 7 21 12
20 54 11 15
34 21 42 3
25 39 30 6
49 7 6 38
12 1 20 67
32 11 41 16
2 1 87 10
39 34 23 4
4 61 11 24
46 19 8 27
10 15 20 55
63 15 7 15
1 22 11 66
21 17 2 60
92 6 1 1
43 8 20 29
38 16 40 6
4 16 18 62
12 34 40 14
35 39 7 19
47 19 33 1
42 8 22 28
6 30 57 7
14 10 27 49
29 5 12 54
15 64 7 14
16 42 17 25
26 14 23 37
14 42 17 27
39 21 26 14
12 19 63 6
6 26 21 47
7 44 47 2
26 59 10 5
19 2 29 50
13 40 31 16
1 26 64 9
14 12 72 2
12 38 25 25
36 12 24 28
40 11 4 45
60 1 11 28
30 6 30 34
11 8 37 44
68 10 13 9
13 12 7 68
43 5 30 22
63 17 5 15
34 26 29 11
21 11 37 31
31 36 1 32
39 3 10 48
40 31 23 6
20 25 16 39
13 10 41 36
4 32 53 11
29 15 31 25
24 30 31 15
22 14 49 15
5 65 22 8
55 2 15 28
66 4 9 21
20 12 62 6
13 49 12 26
21 9 60 10
49 1 46 4
13 37 33 17
4 3 23 70
19 38 27 16
10 18 6 66
3 61 9 27
30 34 22 14
7 5 23 65
45 8 29 18
23 12 25 40
84 2 12 2
56 3 37 4
14 36 44 6
